19 53 12 52 36 81 11 7 29 5 9 74 83 31 45 89 63 59 31 20 30 6	14 98 45 12 31 36 117 25 64 15 107 18 58 13 98
55 7 100 4 5 58 41 16 9 5 102 13 34 81 76 15 4 114 75 47 51 33 108 4 34 5 36 11 4 122 75	12 8 21
68 6 30 20 6 8 46 61 118 32 4 24 6	14 4 127 64 13 10 60 14 59 63 56 6
95 68 27 23 31 5 6 21 5 76 22 12 4 7 10 5 70 126 127 4 119 118 90 127 7 90 27 10 60 5 32 118 25 19 90 78 20 5 119 58	124 29 43 5 38 4 18 8 5 39 5 21 60 127
63 30 20 75 6 106 13 25 21 4 13 112 32 6 63 108 54 96 126 108 25 81 51 22 44 15 31 6	30 20 0 53 3 112 32 73 14 64 29 41 12
42 4 105 29 57 4 48 48 72 9 78 70 18 43 103 99 7 42 4 68 59 5 5 13 34 85 7 15 63 65 37 12 34 37 5 69 47 21 6	15 37 49 39 23 6
4 91 97 30 55 87 94 51 25 4 116 121 4 66	12 127 4 7 26 42 19 4 63 94 83 94 2 6
88 67 22 108 113 22 99 59 88 22	14 12 4 61 15 31 48 61 29 37 7 41 59 22
5 11 108 4 11 52 74 9 83 116 6	40 62 7 26 25 36 83 76 9 56 76 6
4 45 10 4 11 3 75 18 5 2 85 23 76 7	16
24 82 5 19 16 5 14 66 67 9 49 116 30 117	24 82 5 14 80 23
25 17 52 94 9 75 14 25 107 13 121 81 5 107 102	34 25 47
23 69 4 28 98 2 5 59 26 81 48 16 6	22
22	16
8 107 21 10 4 8 67 30 21 96 6 4 116 23	72 32 10 65 67 22
45 45 45	6
33 8 118 29	37 75
23 4 37 20 86 32 13 5 19 80 34 68 24 53 49 20 54 65 25 24 88 4 6	18 4 11 6
24 82 5 14 80 23	31 5 93 5 10 6
34 25 47	22
22	87 45 83 29 4 11 22 6
4 11 94 32 54 70 13 36 65 41 12 5 4 55 43 21 53 73 19 4 8 5 110 95 13 5	16
64 44 16 70 11 43 107 105 109 9 16 39 78 29 13 69 65 5 100 4 115 8 81 0 7 14 10 48 41 12 93 62 20 10 108 14 41 54 9 5 75 10	16
64 23 36 13 116 29 4 16 73 97 7 10 36 11 4	43 15 4 15 64 5 56 119 4 20 28 9 8 9
81 76 19 11 62 84 19 7 26 4 118 20 1	108 7 15 96 19 6
50 6 5 4 84 25 107 30 66 1 9 119 6 4 113 14 12 111 60 73 63 50 15 6	78 7 15 31 10 1 30 15 6
45 41 59 28 58 17 11 102 8 20 20 85 9 39 43 13 5 30 5 35 5 85 6 20 28 13 19 8 84 13 59 27 8 104	14 6
82 34 18 70 25 67 6 47 45 18 88 60 17 60 75 6	16
5 74 76 17 11 38 44 123 72 4 12 42 4 34 55 74 32 31 23 92 4 5 29 41 18 4 107 14 99 59 88 22	122 10 4 77 44 15 4 3 37 75
42 4 8 72 8 64 101 67 44 2 20 5 105 16 30 30 13 6 27 10 19 29 8 62 6 7 10 102 15 6	15 4 11 37 58 66 19 6
18 63	123 88 113 6
105 78 25 6 4 51 5 46 15 4 98 65 7 14 4 5 17 83 88 127 4 64 7 14 112 15 4 27 5 33	17 11 68 27 15 4 98 65 7 18 91 89
113 4 5 60 89 13 70 6 4 4 37 44 14 8 3 124 53 70 13 71 73 13 15 4 44 49 29 39 61 12 18 58 48 6	40 7 70 99 9 31 10 121 75 9 5 18 13 107 48
23 4 54 70 80 82 107 83 20 8 21 58 107 48 21 7 15 4 115 6 21 7 15 4 5 116 125 50 23 104 6	4 113 31 15 4 56 115 59
5 44 34 4 46 31 101 7 124 101 29 4 90 28 5 99 4 118 41 12 57 1 13 29 114 26 9 75 5 101 114 46 72 29 114 75 44 59 67 5 51 4 125 30	28 99 4 118 41 12 57 1 13 29 114 26 9 75 5
18 93 55 97 9 98 15 7 27 45 69 6 12 84 88 62 7 14 49 81 6 15 4 5 24 105 74 40 8 108 9 49 18 55 6	62 112 67
27 25 83 36 61 33 74 7 15 4 12 94 25 54 94 25 54 17 11 16 25 67 14 25 66 9 106 116 7 26 83 67 14 42 4 57 9 101 14 116 4 5 79 13	111 74 69 81 8 92 13 29 17 32 70 19 56 3 122
15 4 33 6 18 43 19 34 28 47 76 4 59 28 6 105 17 12 5 118 86 4 60 54 60 5 122 76 103 6	112 37 10 14 122 29 31 19 20 97 25 84 6
17 11 43 15 4 5 107 57 75 6 5 4 11 107 18 51 20 95 107 6 15 4 10 25 101 57 4 92 5 40 13 70 9 37 25	16
26 25 4 11 58 75 6 5 40 13 70 4 92 65 25 101 9 38 72 49 66 97 20 5 29 5 24 4 92 9 74 33 93 39 58 72 68	5 60 6 61 116 3 103 115 9 105 46 45 5 6
43 29 91 8 39 90 6 15 4 35 9 22 44 59 20 9 97 64 10 30 31 52 5 20 4 12 106 29 17 11 63 5 52 25 19 20 25	42 4 8 4 76 35 98 16 9 41 52 6
25 98 29 20 19 9 56 31 60 39 14 19	17 11 68 44 42 26 31 58 6
5 60 6 61 116 3 103 115 9 105 46 45 5 6 13 54 7 15 4 8 118 9 41 25 19 58 75 7 26 4 11 41 25 30 20 8 36 63 7 26 4 8 63	42 4 40 116 3 103 115 9 5 7 18 19 46 5
15 4 8 64 68 6 5 21 19 90 6	15 4 4 90 6
42 4 40 116 3 103 115 9 5 7 18 19 46 5 5 29 57 77 5 9 8 19 46 5 115 20 25 63 18 17 11 0 95 115 7 18 39 77 5 105 12 8 46	16
6 5 74 29 94 17 4 5 94 13 5 14 46 5 96	16
76 4 5 11 115 6 37 126 50 46 5 97 56 9 71 33 7 42 7 45 6 15 4 5 24 105 74 12 4 5 0 7 11 5 65 13	26 7 15 4 5 5 76 3 60 85 60 98 76 6
25 102 121 125 24 33 24 43 13 5 30 116 6 27 24 27 15 34 13 47 25 34 68 21	5 19 40 79 9 104 5 105 13 5 14 4
5 0 4 12 5 21 39 41 23 38 4 105 29 10 44 102 82 90 8 49 83 4 79 118 8 87 6	16
28 26 25 4 11 58 75 6 28 5 40 13 70 4 92 65 25 101 9 38 72 49 66 20 5 29 5 24 4 92 9 74 33 93 39 58 72 68	28 58 59 91 8 28 102 9 106 116 20 5
10 105 19 9 93 18 104 12 25 4 125 65 8 33 35 127 25 19 96 125 45 7 26 18 48 12 4 45 8 3 29 30 8 100 103 6	5 89 4 12 5 115 30 47 20 94 96 7
43 33 29 17 11 46 4 12 70 4 8 109 114 34 15 4 8 73 12 29 5 9 64 18 19 4 39 15 127 18 4 39 23 9 4 108 12 18 108 14 44 29 9 38	27 66 57 107 94 57 19 54 34 57 10 21 4 11 5
41 23 35 8 58 9 5 73 3 12 5 93 53 105 4 8 79 43 14 17 12 8 105 13 32 74 7 20 37 83 12 71 6	4 87 8 59
12 4 58 107 9 126 50 15 6 20 107 4 82 123 39 68 5 20 14 70 13 97 14 52 4 127 18 19 8 64 13 0 52 12 36 4 84 9	16
17 15 4 12 64 23 103 66 84 13 34 84 47 87 70 87 68 70 14 87 59 22 17 6	32 60 8 70 51 50 5 15 32 118 25 9 52
20 113 29 22	62 112 67
24 34 31 8 91 13 107 119 84 14 111 58 13 5 60 24 91 96 9 5 120 9 4 82 51 5 68 13 75 32 27 10 17 11 45 15 7 10 36 89 9 5 102 119 10	20 5 71 7 66 67 32 11 19 49 15 70 13
33 36 13 119 32 10 45 22 2 5 5 19 38 29 20 5 9 111 23 69 4 61 6	28 2 5 5 19 38 29 20 5 9
110 8 92 17 32 17 15 6 49 32 4 50 6 19 36 32 4 35 6	17 11 68 33 54 5 70 8 63 93 7 26 25 36
28 10 36 11 4 54 59 73 8 97 45 115 59 23 4 94 66 28 4 16 7 36 25 111 94 66 28 6 47 27 66 49 5 0 102 7 17 11 17 15 6	5 20 115 25 53 65 83 73 4 8 13 5 85 12
48 10 68 6 12 4 54 8 63 80 59	39 7 33 7 10 4 121 9 29 12 46 23 16 14
85 40 7 5 15 19 8 46 13 54 124 94 19 55 69 19 4 39 115 106 27 7 10 29 126 21 36 9 4 90 10 7 17 11 10	21 34 10 29 47 6
15 31 10 7 26 17 8 9 52 29 43 70 4 14 12 4 16 30 28 20 5 68 30 33 90 35 35 72 82 105 62 112 111 67 53 73 127 10 5 107 44	39 75 9 10 16 7 27 9 13 29 17 20 16 87 15
11 34 25 47 35 20 5 113 29 6 5 100 4 37 6	16
32 7 5 122 31 113 5 40 4 82 41 81 14 87 5 23 4 58 13 5 127 4 61 12 19 4 99 70 110 20 6	17 11 116 12 5 109 30 97 116 9 10 51 10 34 43
34 4 11 100 6 10 19 9 86 21 15 31 67 6 47	16
28 2 5 5 19 38 29 20 5 9 23 69 4 61 6 17 11 78 36 12 32 73 23 4 52 6	27 22
17 15 88 0 27 15 19 4 42 22 43 44 33 15 19 17 20 8 20 15 13 94 14 54 103	80 13 56 47 69 4 89 70 6
15 17 11 7 42 6 5 120 8 76 25 31 2 7 119 105 7 40 29 83 10	107 5 97 6
5 101 34 101 13 5 24 21 4 84 18 9 73 5 85 2 31 8 107 125 6	16
85 20 6 68 16 40 8 75 51 12 4 95 4 11 8 20 6 1 83 45 23 49 15 53 9 49 76 35 6	16
25 67 19 4 70 6 4 110 16 95 58 13 18 6	16
28 14 18 126 5 117 21 18 43 40 6 86 46 22 17 23 6 5 0 4 11 5 71 22 20 115 7 26 12 4 116 13	16
25 68 6 5 44 34 4 44 20 26 7 27 10 88 17 11 68 87	16
17 11 19 5 103 13 10 52 39 29 104 9 5	62 127 15 4 85 68 67 53 73 29 30 116
42 63 82 4 16 6 5 116 30 127 19 86 96 116 30 18 15 6 17 11 17 11 8 8 12 42 4 51 52 122 61 9	16
78 95 110 124 35 22 12 4 15 31 6	11 52 6
85 21 8 69 7 10 4 22 96 29 80 14 93 9 4 11 106 31 10 55 95 7 37 121 9 46 33 10 115 7 61 33 25 19 83 44 5 39 122 4 12 18	16
22 62 84 118 67 53 73 4 45 20 8 120 99 6 34 12 4 121 7 47 34 15 36 11 4 109 7 47 34	62 112 67
28 5 40 13 70 4 92 65 25 101 9 38 72 49 66 40 9 38 97 27 10 84 57 8 56 12 102 8 20 40 8 9 13 23 89 9 5 19 107 13 41 7 107 105 14	16
22 4 109 110 9 98 57 4 45 20 5 94 13 29 18 25 19 8 80 81 9 71 96 29 35 64 7 113 4 80 26 12 11 4 8 18 13 33 7 70 7 14 91 6	16
5 74 107 9 38 44 20 5 4 21 113 15 4 5 105 53 17 46 13 25 73 57 8 25 85 2 12 4 25 74 71 57 5 58 7 14 10 34 5 18 4	23 65 79 13 35 5 58 4 6
28 5 35 69 31 30 5 101 7 5 68 7 14 98 57 39 59 5 58 22	28 98 57 84 18 20 7 6
15 31 6 25 69 19 110 97 6 25 69 19 114 6	62 112 67
42 4 45 91 44 74 7 18 80 7 5 120 107 12 17 23 66 105 11 116 12 5 88 4 84 20 47 65 6 14 23 66 11 116 12 5 120 6 14 16 33 68 57 8 120	114 6
18 77 15 20 5 18 6	35 67 51 8 12 13 39 57 4 115 79 86 48 37 110
76 28 10 68 50 75 6	16
34 5 77 4 8 31 7 26 15 4 11 25 91 51 33 4 11 8 5 96 92 6 10 29 61 23 77 6	119 4 5 28 79 49 22
18 17 7 19 94 6 18 45 14 7 68 10 106 12 18 93 21	17 11 43 12 4 52 6
60 30	16
83 29 17 11 19 8 127 9 81 7 79 20 5 23 100	62 112 67
4 10 41 12 12 70 5 126 54 20 5 79 35 103 35 12 4 46 16 15 4 73 65 5 44 12 50 5 94 7	114 6
18 11 74 23 5 43 7 26 108 5 117 7 3 6 46 17 4 84 30 56 33 9 18 65 5 102 6 4 35 5 6	16
6 60 20 82 15 4 53 61 60 45 60 73 43 7 75	4 5 10 113 13 46 94 6
56 7 49 23 71 17 121 24 4 8 32 54 82 6 4 8 18 21 24 63 11 105 44 98 113 14 96 91 42	7 7 27 25 38 98 113 7 57 32 86 21 123 29 66
10 39 4 87 6 56 30 20 14 38 34 7 87 89 6	15 12 21 5 60 105 60 42 69 4 100 97 26 81
10 66 71 6 59 78 40 100 55 4 59 78 64 29 76 45 79 4 100 55 116 100 43 7 14 64 52 4 88 3 10 52 7	17 10 19 8 104 9 46 95 13 5 83 10 37 82 22
7 7 23 66 41 5 77 4 120 30 54 5 55 87 124 12 89 9 2 116 9 78 18 43 79 6	5 104 72 56 30 14 30 44 5 117 66 104 102 6
23 42 6 31 8 85 13 13 12 5 4 5 63 24	59 48 90 19 8 41
98 113 32 11 19 44 6 33 44 4 56 24 6 24 4 79 14 54 115 25 69 4 84 21 114 6	54 17 10 68 12 22
6 91 4 111 85 9 61 5 117 21 8 3 104 61 15 4 87 25 98 27 14 38 26 9 5 42 5 6	5 70 126 47 69 4 9 84 8 120 98 6
4 11 8 114 107 65 95 34 7 26 114 4 40 41 100 27 4 77 73 6 82 126 7 49 6	37 8 39 106 6
98 109 44 75	62 112 67
4 5 10 113 13 46 94 6	4 5 10 113 13 46 94 7 26 27 10 17 11
66 79 19 4 8 34 21 8 104 94 82 9 8 52 7 15 30 38 48 64 22 44 74 25 117 7 18 117 7 35 8 18 32 7 66 67 19 4 86 8 104 94 6	17 11 116 5 80 32 115 100 54 67 82 45 6
15 69 4 40 124 81 31 6 27 10 77 5 120 98 7 58 30 5 99 14 56 6 27 10 77 9 56 5 123 107 7 17 12 6	35 104 35 42 19 5 66 9 56 9 8 123 48 120 14
10 4 56 57 94 6	56 57 94 126 59 59 60 126 75
59 48 90 19 8 41	108 19 5 39 9 17 31 108 34 47 6
10 38 15 75	16
113 13 96 21 19 110 97 101 8 6 13 45 10 22 4 37 62 6	62 112 67
17 11 116 5 80 32 115 100 54 67 82 45 6	5 4 44 16 7 11 45 6
10 17 68 100 4 90 45 98 113 96 79 22 10 17 68 123 100 36 43 75 20 96 100 115 51 13 5 70 32 45 8 98 113 98 60 115 60 7 5 37 18	16
35 103 35 10 15 45 9 84 15 30 7 15 4 108 127 11 8 98 12 84 21 15 7 26 124 32 105 84 57	4 11 34 84 47 36 30 5 12 6
28 115 7 29 56 30 27 44 54 49 5 101 19 103 17 59 24 17 11 41 49 5 101 19 17 4 8 19 31 6	28 54 36 2 25 17 12 20 19 101 96 4 8 110 79
28 54 36 2 25 17 12 20 19 101 96 4 8 110 79	5 17 11 99 19 101 96 19 4 116 6
4 15 6 5 113 4 127 79 6 86 9 117 7 49 6 33 48 29	16
28 15 30 38 48 64 22 44 74 25 117 7 18 117 7	102 102 95 118 6
13 54 8 114 51 32 4 60 7 26 10 36 11 109 44 42 4 29 54 20 5 112 44 83 45 22 65 14 120 12 22	42 4 8 9 13 29 13 50 5 94 6
108 19 5 39 9 17 31 108 34 47 6	24 61 15 103 113 4 74 9 37 8 92 6
10 4 17 12 15 63 4 33 14 94 6 31 5 6 33 105 19 25 46 10 8 85 7 92 43 122 23 17 11 49 114 126 89 120 6	68 11 79 4 72 14 30 7 39 4 93 21
12 4 56 77 6 66 98 113 4 126 43 65 5 7 113 108 49 15 19 9 80 24 70 50 39 12 5 88 32 11 80 14	12 4 61 43 6
52 45 34 39 12 46 79 10 36 56 14 17 48 70 13 113 4 56 72 46 5 55 126 33 4 17 70 13 42 4 34 48 15 47 42 12 4 45 52 81 8	7 108 6
28 23 77 4 120 6 54 39 22	17 10 28 5 72 22
43 65 34 77 21 115 113 47 10 4 102 44 115 113 26 5 58 92 13 115 113 8 21 33 4 35 51 7 124 46 98 60 115 98 100 54 12 7 14 98 100 36 108 79	10 104 72 4 100 12 93 20 52 115 109 81 18 116 48
10 69 105 32 12 66 51 4 8 88 8 113 65 113 30 23 51 17 29 4 122 52 50 9 5 79 13	25 51 20 4 4 88 44 65 57 83 15 9 79
98 29 19 90 4 37 53 8 9 18 60 26 73 12 95	43 29 4 69 9 25 71 6
15 118 93 105 104 6 35 89 46 7 14 29 63 116 6 2 49 7 15 4 11 9 44 33 4 60 21 25 79 115	21 71 53 14 38 73 60 56 101 26 18 68 18 63 4
21 46 8 37 118 70 119 15 41 34 85 47 14 84	62 112 67